0  0.3766666666666667  0.34055555555555556  0.3745833333333334  0.4038888888888889  0.6191666666666668  0.40722222222222226  0.62  0.33944444444444444
0  0.7095833333333333  0.33944444444444444  0.70875  0.4066666666666667  0.84  0.40222222222222226  0.8391666666666667  0.3283333333333333  0.77625  0.3377777777777778
0  0.05625  0.3538888888888889  0.055  0.41555555555555557  0.1275  0.40277777777777785  0.13  0.34222222222222226
0  0.15583333333333335  0.28055555555555556  0.15583333333333335  0.3377777777777778  0.2125  0.33611111111111114  0.21125  0.27  0.155  0.27
0  0.19541666666666668  0.335  0.20125  0.4066666666666667  0.2904166666666667  0.4088888888888889  0.2908333333333334  0.3433333333333333  0.2129166666666667  0.3466666666666667  0.21375  0.3355555555555556
0  0.02875  0.7266666666666667  0.029166666666666667  0.7133333333333334  0.03791666666666667  0.7061111111111111  0.03916666666666667  0.698888888888889  0.04625  0.72  0.04875  0.7044444444444445  0.05625  0.7022222222222223  0.05708333333333333  0.6977777777777778  0.06166666666666667  0.7105555555555556  0.06791666666666667  0.7016666666666667  0.07458333333333335  0.7227777777777779  0.07791666666666668  0.7222222222222223  0.07916666666666668  0.7033333333333334  0.08416666666666667  0.7244444444444444  0.08916666666666667  0.7144444444444445  0.08833333333333335  0.7005555555555557  0.09458333333333334  0.7144444444444445  0.09958333333333334  0.7016666666666667  0.1025  0.7133333333333334  0.10958333333333334  0.7022222222222223  0.11375  0.7166666666666667  0.12041666666666667  0.7  0.125  0.7166666666666667  0.12875  0.715  0.13  0.7277777777777779
0  0.150609756097561  0.7121951219512195  0.1573170731707317  0.7105691056910568  0.15934959349593494  0.6894308943089431  0.16483739837398376  0.7140921409214093  0.16869918699186992  0.7119241192411925  0.17113821138211383  0.6937669376693768  0.1739837398373984  0.7205962059620596  0.17865853658536585  0.7146341463414635  0.1815040650406504  0.6994579945799458  0.1845528455284553  0.7184281842818429  0.191260162601626  0.7013550135501355  0.19491869918699187  0.7224932249322493  0.19776422764227644  0.7222222222222222  0.19939024390243903  0.7029810298102981  0.2038617886178862  0.7222222222222222  0.20853658536585365  0.7197831978319784  0.20995934959349594  0.6579945799457995  0.21585365853658536  0.7176151761517615  0.2223577235772358  0.7008130081300813  0.22621951219512196  0.7227642276422764  0.2288617886178862  0.7208672086720866  0.23008130081300815  0.7018970189701896  0.2369918699186992  0.721680216802168  0.2386178861788618  0.7203252032520325  0.24065040650406505  0.7010840108401085  0.2457317073170732  0.721409214092141  0.25  0.7195121951219512  0.25  0.6504065040650406  0.25345528455284555  0.7130081300813008  0.2579268292682927  0.721680216802168  0.2603658536585366  0.7203252032520325  0.2599593495934959  0.7075880758807589  0.2630081300813008  0.702710027100271  0.2664634146341463  0.7200542005420054  0.2709349593495935  0.7189701897018971  0.2721544715447155  0.7018970189701896  0.2766260162601626  0.7200542005420054  0.2806910569105691  0.7121951219512195  0.2829268292682927  0.7032520325203253  0.2859756097560976  0.7197831978319784  0.29065040650406504  0.7189701897018971  0.29247967479674797  0.7113821138211381  0.29247967479674797  0.7262872628726288  0.1522357723577236  0.7276422764227642
0  0.3927083333333334  0.42453703703703705  0.39166666666666666  0.4314814814814815  0.39513888888888893  0.4324074074074074
0  0.41180555555555554  0.4101851851851852  0.41111111111111115  0.4847222222222222  0.41875  0.4847222222222222  0.4173611111111111  0.4638888888888889  0.4288194444444445  0.46574074074074073  0.4336805555555556  0.4625  0.4253472222222222  0.4555555555555556  0.41909722222222223  0.4606481481481482  0.41597222222222224  0.45231481481481484
0  0.38298611111111114  0.5046296296296297  0.38298611111111114  0.513888888888889  0.3892361111111111  0.5143518518518518  0.39166666666666666  0.5115740740740741
0  0.39965277777777775  0.5074074074074074  0.41423611111111114  0.5069444444444445  0.41770833333333335  0.5638888888888889  0.41423611111111114  0.5662037037037037  0.41215277777777776  0.5407407407407407  0.40902777777777777  0.5351851851851852  0.39444444444444443  0.5351851851851852  0.3975694444444445  0.5273148148148149  0.40694444444444444  0.5287037037037037  0.40902777777777777  0.5157407407407407  0.39895833333333336  0.5143518518518518
0  0.37569444444444444  0.7245370370370371  0.37569444444444444  0.7203703703703704  0.3826388888888889  0.7180555555555557  0.384375  0.7087962962962964  0.3892361111111111  0.7189814814814814  0.3940972222222222  0.7194444444444444  0.39548611111111115  0.7055555555555556  0.39895833333333336  0.7226851851851852  0.4052083333333334  0.7226851851851852  0.40625  0.7046296296296297  0.41111111111111115  0.7245370370370371  0.41458333333333336  0.7231481481481481  0.415625  0.7027777777777778  0.41631944444444446  0.6486111111111111  0.41805555555555557  0.7060185185185186  0.4204861111111111  0.7222222222222223  0.425  0.7212962962962964  0.42673611111111115  0.6972222222222223  0.4305555555555556  0.7194444444444444  0.4361111111111111  0.7185185185185186  0.4357638888888889  0.7037037037037037  0.440625  0.7203703703703704  0.4444444444444445  0.7199074074074074  0.44652777777777775  0.7064814814814815  0.4510416666666667  0.7217592592592593  0.45590277777777777  0.7148148148148148  0.45486111111111116  0.649537037037037  0.459375  0.649537037037037  0.4604166666666667  0.713888888888889  0.4638888888888889  0.7148148148148148  0.4670138888888889  0.7041666666666667  0.47013888888888894  0.7157407407407407  0.47395833333333337  0.7162037037037038  0.4774305555555556  0.6870370370370371  0.48159722222222223  0.7162037037037038  0.48611111111111116  0.7152777777777778  0.48541666666666666  0.6791666666666667  0.48888888888888893  0.6791666666666667  0.4916666666666667  0.7268518518518519
0  0.5038194444444445  0.7032407407407407  0.509375  0.6935185185185185  0.5125  0.7074074074074074  0.51875  0.6962962962962964  0.5225694444444444  0.7143518518518519  0.5288194444444445  0.7143518518518519  0.5291666666666668  0.6981481481481481  0.534375  0.7078703703703705  0.5357638888888889  0.7194444444444444  0.5385416666666667  0.6490740740740741  0.5430555555555555  0.6518518518518519  0.54375  0.7166666666666667  0.5482638888888889  0.7166666666666667  0.5493055555555555  0.6958333333333333  0.5545138888888889  0.7189814814814814  0.5583333333333333  0.7148148148148148  0.5590277777777778  0.6916666666666667  0.564236111111111  0.7032407407407407  0.5638888888888889  0.7189814814814814  0.56875  0.7175925925925926  0.5694444444444444  0.6972222222222223  0.5739583333333333  0.7037037037037037  0.5746527777777778  0.7175925925925926  0.5791666666666667  0.7189814814814814  0.5774305555555556  0.6467592592592593  0.5847222222222223  0.6486111111111111  0.5847222222222223  0.7166666666666667  0.5899305555555555  0.7157407407407407  0.5902777777777778  0.674537037037037  0.5940972222222223  0.6754629629629629  0.5965277777777779  0.7134259259259259  0.6010416666666667  0.713888888888889  0.6024305555555556  0.6981481481481481  0.6048611111111111  0.7074074074074074  0.6104166666666667  0.7087962962962964  0.6118055555555555  0.700925925925926  0.6163194444444444  0.7087962962962964  0.6177083333333334  0.725925925925926  0.5052083333333334  0.7282407407407407
0  0.7076388888888889  0.7240740740740741  0.7069444444444445  0.7078703703703705  0.7097222222222223  0.7162037037037038  0.7128472222222223  0.7152777777777778  0.715625  0.6930555555555556  0.7173611111111111  0.7152777777777778  0.7239583333333334  0.713888888888889  0.7243055555555555  0.6458333333333334  0.7302083333333333  0.7143518518518519  0.7354166666666667  0.6861111111111111  0.7388888888888889  0.7166666666666667  0.7413194444444444  0.7162037037037038  0.7440972222222223  0.6935185185185185  0.7496527777777778  0.7162037037037038  0.7524305555555555  0.7143518518518519  0.7548611111111111  0.6944444444444445  0.7604166666666667  0.7171296296296297  0.7621527777777778  0.6462962962962963  0.7684027777777779  0.6685185185185185  0.7697916666666668  0.7120370370370371  0.7746527777777779  0.6930555555555556  0.78125  0.7046296296296297  0.7857638888888889  0.6921296296296298  0.7898529411764706  0.6970588235294117  0.79  0.7162745098039216  0.7945588235294119  0.7160784313725491  0.7957352941176471  0.6966666666666667  0.7969117647058823  0.6913725490196078  0.8010294117647059  0.7168627450980392  0.8042647058823529  0.7160784313725491  0.8061764705882354  0.700392156862745  0.8051470588235294  0.6758823529411765  0.8033823529411764  0.6464705882352941  0.8079411764705883  0.6470588235294118  0.8088235294117647  0.7005882352941177  0.8114705882352942  0.7147058823529412  0.8151470588235294  0.7166666666666667  0.8155882352941177  0.6860784313725491  0.8214705882352942  0.6990196078431372  0.8195588235294118  0.7037254901960783  0.8195588235294118  0.7129411764705883  0.8225  0.709607843137255  0.8255882352941177  0.6719607843137255  0.8333823529411765  0.7025490196078431  0.8360294117647059  0.644313725490196  0.8441176470588235  0.6431372549019608  0.845735294117647  0.7260784313725491
0  0.8630057803468208  0.7053949903660887  0.8658959537572255  0.7021194605009634  0.8689306358381503  0.6855491329479769  0.8708092485549134  0.7038535645472062  0.8765895953757226  0.7042389210019268  0.8777456647398845  0.6853564547206165  0.8823699421965319  0.7202312138728324  0.8846820809248556  0.7192678227360308  0.8871387283236994  0.6456647398843931  0.892485549132948  0.7179190751445087  0.8972543352601156  0.7159922928709057  0.8979768786127168  0.6732177263969171  0.9021676300578034  0.700578034682081  0.9067919075144508  0.6955684007707129  0.9072254335260116  0.6843930635838151  0.9083815028901735  0.6714836223506744  0.9114161849710982  0.6886319845857418  0.9173410404624277  0.6826589595375723  0.9171965317919075  0.669364161849711  0.9225433526011562  0.6805394990366089  0.9257225433526012  0.7238921001926782  0.8658959537572255  0.7252408477842003
0  0.9699999999999999  0.47971014492753616  0.9704347826086955  0.4718840579710144  0.9584782608695651  0.4701449275362318  0.9539130434782608  0.4704347826086956  0.9519565217391304  0.4762318840579709  0.9502173913043478  0.44898550724637676  0.9363043478260868  0.44840579710144923  0.9191304347826086  0.4321739130434782  0.9099999999999999  0.43594202898550716  0.8917391304347825  0.4342028985507246  0.8854347826086955  0.432463768115942  0.8789130434782607  0.4356521739130434  0.8697826086956522  0.437391304347826  0.8684782608695651  0.4823188405797101
0  0.8663043478260869  0.5020289855072463  0.8782608695652173  0.5081159420289855  0.8769565217391304  0.5162318840579709  0.8699999999999999  0.5176811594202898  0.8695652173913042  0.5220289855072463  0.8732608695652173  0.5252173913043477  0.8732608695652173  0.5284057971014492  0.8778260869565216  0.528695652173913  0.8789130434782607  0.5368115942028985  0.8754347826086956  0.5388405797101449  0.8726086956521738  0.5333333333333332  0.8702173913043477  0.5371014492753623  0.8678260869565216  0.5315942028985506
0  0.9041304347826087  0.503768115942029  0.8969565217391304  0.5133333333333333  0.8969565217391304  0.5199999999999999  0.8956521739130434  0.5231884057971015  0.8932608695652172  0.5260869565217391  0.8891304347826087  0.5168115942028985  0.8865217391304346  0.5214492753623188  0.8854347826086955  0.5443478260869564  0.8867391304347825  0.5579710144927535  0.8913043478260869  0.5582608695652174  0.8906521739130434  0.5434782608695652  0.8947826086956521  0.5417391304347825  0.8986956521739129  0.5417391304347825  0.901086956521739  0.5365217391304348  0.8943478260869564  0.537391304347826  0.8913043478260869  0.5327536231884058  0.8906521739130434  0.5252173913043477  0.8945652173913042  0.5298550724637681  0.8986956521739129  0.5342028985507246  0.9069565217391303  0.5333333333333332  0.9106521739130434  0.5339130434782609  0.9128260869565217  0.5278260869565217  0.9065217391304347  0.5289855072463767  0.9036956521739129  0.5255072463768115  0.9008695652173913  0.5231884057971015  0.9030434782608695  0.5188405797101449  0.9030434782608695  0.5156521739130434  0.9021739130434782  0.5133333333333333  0.9056521739130434  0.5069565217391303
0  0.8168141592920354  0.4259587020648967  0.8154867256637167  0.44011799410029495  0.8199115044247787  0.4386430678466076  0.8269911504424777  0.43628318584070797  0.8269911504424777  0.4445427728613569  0.823008849557522  0.4498525073746312  0.8199115044247787  0.4616519174041297  0.8263274336283185  0.4631268436578171  0.8265486725663715  0.47050147492625366  0.8214601769911504  0.4710914454277286  0.8174778761061946  0.4746312684365781  0.8066371681415928  0.47846607669616514  0.8112831858407079  0.4799410029498525  0.8382743362831858  0.4805309734513274  0.8376106194690265  0.46991150442477875  0.8338495575221239  0.45516224188790555  0.8369469026548672  0.45339233038348076  0.8314159292035397  0.4489675516224188  0.8316371681415928  0.4330383480825958  0.8278761061946902  0.43008849557522116  0.825221238938053  0.4321533923303834
0  0.7814159292035396  0.41740412979351027  0.7811946902654866  0.42949852507374625  0.7849557522123892  0.4297935103244837  0.7867256637168141  0.42005899705014743
0  0.7772123893805309  0.45811209439528017  0.7769911504424778  0.4622418879056047  0.7807522123893805  0.4654867256637168  0.7849557522123892  0.46637168141592916  0.7867256637168141  0.4690265486725663  0.7876106194690264  0.4616519174041297  0.7900442477876105  0.4584070796460176  0.7915929203539822  0.45516224188790555  0.7975663716814159  0.447787610619469  0.7940265486725663  0.4498525073746312  0.7902654867256637  0.4530973451327433  0.7853982300884954  0.45044247787610614  0.7856194690265486  0.4584070796460176  0.7834070796460175  0.4634218289085545  0.7807522123893805  0.46135693215339224
0  0.7466814159292035  0.43244837758112087  0.74358407079646  0.43716814159292033  0.7413716814159291  0.447787610619469  0.7453539823008849  0.4483775811209439  0.7453539823008849  0.44247787610619466  0.7493362831858407  0.4365781710914454  0.7497787610619469  0.4330383480825958
0  0.7223451327433628  0.41032448377581116  0.7238938053097345  0.4740412979351032  0.7201327433628317  0.4781710914454277  0.7130530973451327  0.47846607669616514  0.7064159292035398  0.47846607669616514  0.7061946902654866  0.48259587020648964  0.8042035398230087  0.48082595870206485  0.8048672566371681  0.4764011799410029  0.7971238938053097  0.4775811209439528  0.7951327433628318  0.4740412979351032  0.7904867256637167  0.47669616519174035  0.7825221238938052  0.47728613569321526  0.7747787610619469  0.4764011799410029  0.7670353982300884  0.4769911504424778  0.7688053097345132  0.45044247787610614  0.7657079646017698  0.4451327433628318  0.7643805309734513  0.4746312684365781  0.7595132743362831  0.47787610619469023  0.7506637168141592  0.4787610619469026  0.7464601769911503  0.47905604719764006  0.7451327433628318  0.4749262536873156  0.7424778761061945  0.4775811209439528  0.7393805309734514  0.47787610619469023  0.7360619469026548  0.4764011799410029  0.7358407079646018  0.47197640117994094  0.7334070796460177  0.47787610619469023  0.7289823008849556  0.47905604719764006  0.7247787610619468  0.4100294985250737
0  0.723008849557522  0.48702064896755154  0.7236725663716813  0.5530973451327433  0.7095132743362831  0.5575221238938053  0.706858407079646  0.55929203539823  0.706858407079646  0.5622418879056047  0.7269911504424778  0.5619469026548671  0.8367256637168141  0.5625368731563422  0.8380530973451327  0.5560471976401179  0.8325221238938052  0.5542772861356932  0.8300884955752211  0.5474926253687316  0.8311946902654866  0.5421828908554572  0.8278761061946902  0.5324483775811208  0.8316371681415928  0.5253687315634218  0.8351769911504424  0.5200589970501475  0.8323008849557522  0.5165191740412979  0.8287610619469026  0.5203539823008849  0.8287610619469026  0.5094395280235988  0.8309734513274335  0.49941002949852503  0.8287610619469026  0.48997050147492616  0.8265486725663715  0.49115044247787604  0.8265486725663715  0.5002949852507373  0.8210176991150442  0.4970501474926253  0.8219026548672566  0.5023598820058996  0.825221238938053  0.5032448377581121  0.8272123893805309  0.5088495575221239  0.8258849557522122  0.515929203539823  0.8267699115044247  0.5253687315634218  0.8261061946902654  0.5542772861356932  0.823008849557522  0.5542772861356932  0.8172566371681416  0.5566371681415928  0.8143805309734513  0.5551622418879055  0.8086283185840707  0.5557522123893804  0.8075221238938052  0.5513274336283185  0.8084070796460175  0.5377581120943953  0.8064159292035397  0.5224188790560471  0.8079646017699114  0.5138643067846608  0.806858407079646  0.5117994100294985  0.8053097345132743  0.5188790560471976  0.8030973451327432  0.5238938053097345  0.8037610619469026  0.5351032448377581  0.8035398230088494  0.5412979351032448  0.8032258064516129  0.5547043010752689  0.8007056451612904  0.557258064516129  0.7956653225806452  0.5555107526881721  0.7923387096774194  0.5568548387096774  0.7887096774193548  0.5577956989247312  0.785483870967742  0.5567204301075269  0.7806451612903226  0.5583333333333333  0.7768145161290323  0.5577956989247312  0.773991935483871  0.556989247311828  0.7690524193548387  0.5575268817204301  0.7667338709677419  0.5567204301075269  0.7657258064516129  0.5510752688172043  0.7660282258064516  0.5436827956989247  0.7671370967741935  0.5383064516129032  0.7671370967741935  0.5298387096774193  0.7670362903225806  0.5251344086021505  0.7674395161290323  0.521505376344086  0.7658266129032258  0.5146505376344086  0.7665322580645161  0.5092741935483871  0.7658266129032258  0.505241935483871  0.763608870967742  0.5063172043010753  0.7617943548387096  0.5077956989247312  0.7607862903225806  0.510752688172043  0.7634072580645161  0.5131720430107527  0.7642137096774194  0.514247311827957  0.7644153225806452  0.518010752688172  0.7638104838709678  0.5202956989247313  0.7633064516129032  0.5219086021505377  0.7625  0.5271505376344087  0.7621975806451613  0.5385752688172043  0.7621975806451613  0.541263440860215  0.7639112903225806  0.5479838709677419  0.7635080645161291  0.5518817204301075  0.7628024193548386  0.5557795698924731  0.761491935483871  0.5564516129032258  0.7553427419354839  0.5576612903225806  0.7533266129032259  0.5577956989247312  0.7519153225806451  0.5577956989247312  0.75  0.5584677419354839  0.744858870967742  0.5577956989247312  0.7408266129032258  0.5602150537634409  0.7356854838709678  0.5599462365591398  0.7304435483870968  0.5586021505376344  0.7272177419354839  0.5587365591397849  0.7264112903225806  0.5415322580645161  0.7264112903225806  0.4885752688172043  0.7243951612903226  0.48763440860215057
0  0.7230555555555556  0.5666666666666667  0.7238888888888889  0.6338888888888888  0.7231944444444445  0.6398148148148148  0.7175  0.64  0.7119444444444445  0.6377777777777778  0.7073611111111111  0.6361111111111111  0.7054166666666666  0.6412962962962963  0.8365277777777778  0.6405555555555555  0.8366666666666667  0.6337037037037037  0.8280555555555555  0.6362962962962964  0.8238888888888889  0.634074074074074  0.8190277777777777  0.6396296296296297  0.8158333333333333  0.6351851851851852  0.8068055555555556  0.635  0.8068055555555556  0.6292592592592593  0.8054166666666667  0.6270370370370371  0.8034722222222221  0.6351851851851852  0.7961111111111111  0.635  0.7888888888888889  0.637962962962963  0.7861111111111111  0.6359259259259259  0.7770833333333332  0.6361111111111111  0.7765277777777777  0.6351851851851852  0.77  0.6377777777777778  0.7651388888888889  0.6368518518518518  0.7666666666666666  0.6227777777777778  0.76875  0.6188888888888888  0.7663888888888889  0.6177777777777778  0.7658333333333334  0.5674074074074074  0.7643055555555556  0.5712962962962963  0.7640277777777778  0.5807407407407407  0.7627777777777777  0.5881481481481481  0.7631944444444445  0.6025925925925926  0.7615277777777777  0.6368518518518518  0.758888888888889  0.635  0.7516666666666666  0.6374074074074074  0.747361111111111  0.6383333333333333  0.7436111111111111  0.6362962962962964  0.73875  0.6383333333333333  0.7347222222222222  0.6385185185185185  0.7297222222222222  0.6377777777777778  0.7280555555555556  0.6387037037037037  0.7270833333333334  0.6261111111111111  0.72875  0.6175925925925926  0.7306944444444444  0.607037037037037  0.7297222222222222  0.597037037037037  0.7306944444444444  0.59  0.7286111111111111  0.585925925925926  0.7283333333333334  0.5788888888888888  0.7280555555555556  0.5707407407407408  0.7266666666666667  0.5674074074074074
0  0.6223837209302325  0.6420542635658915  0.6216569767441861  0.6381782945736435  0.6190406976744186  0.6383720930232558  0.6136627906976744  0.6377906976744186  0.6061046511627907  0.6383720930232558  0.5981104651162791  0.6403100775193798  0.5917151162790698  0.6410852713178294  0.5863372093023256  0.6399224806201551  0.5822674418604652  0.6377906976744186  0.5816860465116279  0.6300387596899225  0.5819767441860465  0.6201550387596899  0.5822674418604652  0.6073643410852713  0.5837209302325582  0.5992248062015504  0.583139534883721  0.568217054263566  0.5793604651162791  0.5668604651162791  0.5784883720930233  0.6096899224806202  0.5790697674418605  0.6170542635658914  0.5784883720930233  0.6374031007751938  0.5722383720930233  0.638953488372093  0.5664244186046511  0.6393410852713178  0.5629360465116279  0.6424418604651162  0.5601744186046511  0.6377906976744186  0.554796511627907  0.6408914728682171  0.5521802325581395  0.6416666666666667  0.5491279069767442  0.6362403100775194  0.541860465116279  0.6372093023255814  0.5409883720930233  0.622093023255814  0.5411337209302326  0.568217054263566  0.5386627906976744  0.5684108527131783  0.5372093023255814  0.6118217054263566  0.5382267441860465  0.6168604651162791  0.5382267441860465  0.6213178294573644  0.5366279069767441  0.6375968992248062  0.5315406976744187  0.6399224806201551  0.5257267441860465  0.6406976744186046  0.5215116279069767  0.6432170542635659  0.5204941860465117  0.6391472868217055  0.5148255813953488  0.6403100775193798  0.5117732558139535  0.6422480620155039  0.5085755813953489  0.6395348837209303  0.50625  0.6372093023255814  0.5045058139534884  0.6434108527131783
0  0.4911337209302326  0.6430232558139535  0.49040697674418604  0.6354651162790698  0.49011627906976746  0.6261627906976744  0.4896802325581395  0.6158914728682171  0.4896802325581395  0.6025193798449613  0.48953488372093024  0.5899224806201551  0.48764534883720934  0.5895348837209302  0.4861918604651163  0.600968992248062  0.48604651162790696  0.6151162790697674  0.48633720930232555  0.6218992248062015  0.4864825581395349  0.6294573643410853  0.4872093023255814  0.6374031007751938  0.4854651162790698  0.6410852713178294  0.48313953488372097  0.6426356589147287  0.48095930232558143  0.6430232558139535  0.47819767441860467  0.6416666666666667  0.47252906976744186  0.6408914728682171  0.46889534883720935  0.6422480620155039  0.4638081395348837  0.6424418604651162  0.45915697674418604  0.6424418604651162  0.4568313953488372  0.6397286821705426  0.4572674418604651  0.6327519379844961  0.45741279069767443  0.6226744186046511  0.457703488372093  0.6172480620155039  0.45799418604651165  0.6122093023255815  0.45813953488372094  0.6048449612403101  0.4584302325581395  0.5988372093023256  0.4584302325581395  0.5906976744186047  0.45872093023255817  0.5806201550387597  0.45813953488372094  0.5713178294573643  0.4556686046511628  0.5678294573643411  0.4545058139534884  0.576937984496124  0.45610465116279075  0.5875968992248062  0.45508720930232555  0.6013565891472868  0.4549418604651163  0.6114341085271318  0.45537790697674424  0.6209302325581395  0.4555232558139535  0.6362403100775194  0.4510174418604651  0.6405038759689923  0.44593023255813957  0.6406976744186046  0.4409883720930233  0.6399224806201551  0.43793604651162793  0.6399224806201551  0.43459302325581395  0.6387596899224806  0.4300872093023256  0.6410852713178294  0.42659883720930236  0.6410852713178294  0.42354651162790696  0.6426356589147287  0.4197674418604651  0.6426356589147287  0.41700581395348835  0.6368217054263566  0.4161337209302326  0.6215116279069768  0.41700581395348835  0.6135658914728682  0.41671511627906976  0.6056201550387597  0.4168604651162791  0.5980620155038759  0.41627906976744183  0.5912790697674418  0.41627906976744183  0.5846899224806201  0.41627906976744183  0.576937984496124  0.4161337209302326  0.5732558139534883  0.41497093023255816  0.5715116279069767  0.4129360465116279  0.5771317829457365  0.41337209302325584  0.5852713178294574  0.41337209302325584  0.5899224806201551  0.41351744186046513  0.5955426356589147  0.41395348837209306  0.6  0.41395348837209306  0.6036821705426356  0.41395348837209306  0.6083333333333333  0.41409883720930235  0.6166666666666667  0.41409883720930235  0.6226744186046511  0.41409883720930235  0.6292635658914729  0.41351744186046513  0.6344961240310077  0.4127906976744186  0.637984496124031  0.4087209302325581  0.6405038759689923  0.4069767441860465  0.6406976744186046  0.4045058139534884  0.6397286821705426  0.40159883720930234  0.6405038759689923  0.3995639534883721  0.6410852713178294  0.3943313953488372  0.6397286821705426  0.39055232558139535  0.6391472868217055  0.3890988372093024  0.6418604651162791  0.3864825581395349  0.6393410852713178  0.38502906976744183  0.6364341085271318  0.3843023255813953  0.6358527131782946  0.38270348837209306  0.6387596899224806  0.3818313953488372  0.6408914728682171  0.37776162790697676  0.6364341085271318  0.37732558139534883  0.6391472868217055  0.37805232558139534  0.6439922480620155  0.37718023255813954  0.6468992248062015
0  0.6222383720930232  0.5540697674418604  0.620203488372093  0.5633720930232559  0.6106104651162791  0.5647286821705426  0.5056686046511628  0.5643410852713179  0.5055232558139535  0.5577519379844961  0.5093023255813953  0.5548449612403101  0.5216569767441861  0.5591085271317829  0.5292151162790698  0.5598837209302325  0.5375  0.5596899224806201  0.5380813953488371  0.5515503875968992  0.538953488372093  0.541860465116279  0.5385174418604651  0.5346899224806202  0.5386627906976744  0.5296511627906977  0.5369186046511628  0.5228682170542636  0.5386627906976744  0.5013565891472869  0.5402616279069767  0.5265503875968992  0.5406976744186046  0.5614341085271317  0.5456395348837209  0.5581395348837209  0.5495639534883722  0.5589147286821705  0.55  0.5618217054263567  0.5556686046511629  0.5581395348837209  0.559593023255814  0.5577519379844961  0.5627906976744187  0.5606589147286821  0.5686046511627907  0.5594961240310078  0.5732558139534885  0.5593023255813954  0.5780523255813954  0.5594961240310078  0.5796511627906976  0.5501937984496125  0.5780523255813954  0.5412790697674419  0.5765988372093024  0.5362403100775194  0.5786337209302326  0.530232558139535  0.5790697674418605  0.5203488372093024  0.5805232558139535  0.5151162790697674  0.5822674418604652  0.5248062015503876  0.5832848837209302  0.5315891472868217  0.5838662790697674  0.5395348837209303  0.5840116279069767  0.5492248062015505  0.5828488372093024  0.5585271317829458  0.5861918604651163  0.561046511627907  0.5978197674418605  0.5616279069767441  0.6055232558139535  0.5602713178294574  0.6127906976744186  0.5585271317829458  0.6184593023255814  0.5589147286821705
0  0.6219476744186047  0.48546511627906974  0.5031976744186046  0.48779069767441857  0.5050872093023255  0.4800387596899225  0.5296511627906977  0.4798449612403101  0.5366279069767441  0.4784883720930233  0.5373546511627907  0.4686046511627907  0.5372093023255814  0.45096899224806203  0.5363372093023256  0.4474806201550388  0.5377906976744187  0.433139534883721  0.5380813953488371  0.42441860465116277  0.5422965116279069  0.43158914728682174  0.5420058139534885  0.4377906976744186  0.540406976744186  0.4507751937984496  0.5396802325581396  0.46511627906976744  0.5412790697674419  0.48081395348837214  0.5465116279069767  0.48333333333333334  0.548546511627907  0.47325581395348837  0.5540697674418604  0.4763565891472868  0.5568313953488372  0.4782945736434109  0.561482558139535  0.4781007751937984  0.5662790697674419  0.4798449612403101  0.5697674418604651  0.4781007751937984  0.5726744186046511  0.4784883720930233  0.5777616279069767  0.4786821705426357  0.5795058139534884  0.475  0.5795058139534884  0.46453488372093027  0.5774709302325582  0.462015503875969  0.5799418604651163  0.4608527131782946  0.5806686046511628  0.4562015503875969  0.5771802325581395  0.45503875968992247  0.575  0.45155038759689925  0.5790697674418605  0.45019379844961244  0.579796511627907  0.448062015503876  0.5784883720930233  0.4447674418604651  0.5802325581395349  0.4418604651162791  0.5805232558139535  0.4374031007751938  0.5803779069767442  0.4335271317829458  0.5779069767441861  0.42906976744186043  0.5779069767441861  0.42054263565891475  0.5771802325581395  0.4116279069767442  0.5822674418604652  0.4067829457364341  0.5821220930232558  0.42829457364341084  0.5828488372093024  0.4800387596899225  0.5893895348837209  0.4810077519379845  0.5962209302325582  0.4788759689922481  0.6042151162790698  0.4786821705426357  0.6090116279069767  0.48081395348837214  0.617732558139535  0.4806201550387597  0.6222383720930232  0.4817829457364341
0  0.5904069767441861  0.43081395348837215  0.5888081395348838  0.4375968992248062  0.5892441860465116  0.44457364341085276  0.588953488372093  0.4482558139534884  0.5902616279069768  0.4548449612403101  0.5943313953488372  0.45290697674418606  0.5946220930232559  0.45058139534883723  0.5921511627906977  0.45019379844961244  0.5925872093023257  0.4397286821705426  0.5918604651162791  0.4306201550387597
0  0.5683139534883721  0.43546511627906975  0.5681686046511628  0.45116279069767445  0.5700581395348837  0.45096899224806203  0.5709302325581396  0.44166666666666665  0.5741279069767442  0.43914728682170545  0.573110465116279  0.4374031007751938  0.5703488372093024  0.4374031007751938  0.570203488372093  0.4344961240310078
0  0.5661337209302326  0.45329457364341086  0.5643895348837209  0.4548449612403101  0.5642441860465117  0.458139534883721  0.5661337209302326  0.4594961240310078  0.5681686046511628  0.45852713178294574  0.5683139534883721  0.4560077519379845  0.5675872093023256  0.4538759689922481
0  0.48662790697674424  0.4087209302325581  0.4872093023255814  0.4439922480620155  0.4867732558139535  0.4591085271317829  0.48168604651162794  0.46065891472868215  0.4864825581395349  0.47131782945736433  0.48938953488372094  0.47131782945736433  0.4898255813953488  0.46492248062015507  0.49084302325581397  0.45891472868217054  0.48924418604651165  0.45406976744186045  0.4896802325581395  0.4461240310077519  0.4898255813953488  0.4414728682170543  0.4898255813953488  0.43294573643410855  0.48924418604651165  0.4292635658914729  0.4898255813953488  0.4236434108527132  0.4898255813953488  0.4168604651162791  0.4896802325581395  0.40949612403100777
0  0.4761627906976744  0.40930232558139534  0.4745639534883721  0.4275193798449613  0.4770348837209302  0.4292635658914729  0.478343023255814  0.4255813953488372  0.47819767441860467  0.42093023255813955  0.4789244186046512  0.4091085271317829
0  0.47659883720930235  0.44108527131782943  0.4751453488372093  0.45329457364341086  0.4786337209302326  0.4538759689922481  0.4790697674418605  0.45155038759689925  0.47819767441860467  0.44089147286821706
0  0.4754360465116279  0.4569767441860465  0.4757267441860465  0.4616279069767442  0.47078488372093025  0.4641472868217055  0.4726744186046512  0.47093023255813954  0.47252906976744186  0.48158914728682173  0.48343023255813955  0.48391472868217056  0.4790697674418605  0.4782945736434109  0.47761627906976745  0.4707364341085271  0.4773255813953488  0.46453488372093027  0.47877906976744183  0.458139534883721  0.47848837209302325  0.4565891472868217
0  0.4661337209302326  0.45368217054263565  0.464389534883721  0.4594961240310078  0.4652616279069767  0.46531007751937986  0.46497093023255814  0.4697674418604651  0.46468023255813956  0.475  0.4648255813953488  0.4782945736434109  0.4616279069767442  0.4817829457364341  0.4704941860465116  0.48313953488372097  0.46875  0.4800387596899225  0.46744186046511627  0.47732558139534886  0.4670058139534884  0.47093023255813954  0.46758720930232556  0.46744186046511627  0.46875  0.46220930232558144  0.4684593023255814  0.4583333333333333
0  0.45377906976744187  0.40968992248062014  0.4549418604651163  0.47693798449612407  0.4417151162790698  0.48217054263565895  0.44752906976744183  0.48372093023255813  0.45813953488372094  0.48333333333333334  0.45784883720930236  0.47771317829457366  0.4569767441860465  0.4091085271317829
0  0.38938953488372097  0.43992248062015504  0.38866279069767445  0.4455426356589148  0.39404069767441857  0.4455426356589148  0.3930232558139535  0.45116279069767445  0.395203488372093  0.4494186046511628  0.3969476744186047  0.4447674418604651  0.4002906976744186  0.4457364341085271  0.4013081395348837  0.45019379844961244  0.40421511627906975  0.4552325581395349  0.4030523255813953  0.4476744186046512  0.4072674418604651  0.44670542635658916  0.40886627906976747  0.4486434108527132  0.40930232558139534  0.45368217054263565  0.4087209302325581  0.4591085271317829  0.4104651162790698  0.46143410852713174  0.41133720930232553  0.4538759689922481  0.4119186046511628  0.44031007751937984  0.41133720930232553  0.4267441860465116  0.4095930232558139  0.4275193798449613  0.4106104651162791  0.43255813953488376  0.40668604651162793  0.43546511627906975  0.4059593023255814  0.4393410852713178  0.4020348837209302  0.43953488372093025  0.39578488372093024  0.43953488372093025  0.39127906976744187  0.43953488372093025
0  0.4555232558139535  0.488953488372093  0.4545058139534884  0.5234496124031007  0.45625  0.5315891472868217  0.4552325581395349  0.537015503875969  0.45465116279069767  0.5585271317829458  0.44375  0.5598837209302325  0.4408430232558139  0.562015503875969  0.4359011627906977  0.5589147286821705  0.4316860465116279  0.562015503875969  0.42776162790697675  0.5637596899224806  0.425  0.5608527131782947  0.42122093023255813  0.5624031007751937  0.4200581395348837  0.5655038759689923  0.49011627906976746  0.5647286821705426  0.49011627906976746  0.5581395348837209  0.48909883720930236  0.5558139534883721  0.48909883720930236  0.549031007751938  0.49084302325581397  0.5457364341085271  0.49011627906976746  0.5424418604651162  0.48706395348837206  0.5445736434108527  0.48662790697674424  0.5486434108527132  0.4864825581395349  0.5579457364341085  0.48343023255813955  0.560077519379845  0.4821220930232558  0.5633720930232559  0.47688953488372093  0.5618217054263567  0.47718023255813957  0.5575581395348838  0.4731104651162791  0.561046511627907  0.46816860465116283  0.5625968992248063  0.4661337209302326  0.5591085271317829  0.4626453488372093  0.5594961240310078  0.4601744186046512  0.5612403100775194  0.457703488372093  0.5589147286821705  0.4568313953488372  0.5397286821705426  0.4585755813953488  0.5292635658914728  0.45712209302325585  0.5275193798449612  0.4566860465116279  0.5199612403100775  0.4572674418604651  0.5124031007751938  0.45741279069767443  0.5065891472868217  0.457703488372093  0.4972868217054264  0.45799418604651165  0.4893410852713178
0  0.2933139534883721  0.6449612403100775  0.15741279069767442  0.648062015503876  0.15595930232558142  0.6412790697674419  0.16540697674418603  0.6395348837209303  0.1686046511627907  0.6346899224806202  0.1677325581395349  0.5703488372093023  0.17049418604651162  0.57015503875969  0.17078488372093023  0.6418604651162791  0.17747093023255814  0.6422480620155039  0.18372093023255814  0.6420542635658915  0.19069767441860466  0.6410852713178294  0.1995639534883721  0.6412790697674419  0.20843023255813956  0.6418604651162791  0.20930232558139536  0.6362403100775194  0.20930232558139536  0.6191860465116279  0.21002906976744184  0.5903100775193798  0.20712209302325582  0.5825581395348838  0.21104651162790697  0.57015503875969  0.2123546511627907  0.6441860465116279  0.2180232558139535  0.6424418604651162  0.22340116279069766  0.6424418604651162  0.22790697674418603  0.6426356589147287  0.2351744186046512  0.6414728682170543  0.24098837209302326  0.6414728682170543  0.24796511627906978  0.6395348837209303  0.2486918604651163  0.6372093023255814  0.2508720930232558  0.625968992248062  0.2498546511627907  0.6153100775193798  0.2478197674418605  0.6065891472868217  0.24752906976744185  0.5994186046511628  0.24883720930232558  0.5903100775193798  0.2492732558139535  0.5829457364341085  0.2508720930232558  0.5707364341085271  0.2517441860465116  0.57015503875969  0.2524709302325581  0.5901162790697674  0.253343023255814  0.6096899224806202  0.25261627906976747  0.6408914728682171  0.2568313953488372  0.6406976744186046  0.26409883720930233  0.6418604651162791  0.26758720930232555  0.6401162790697674  0.26962209302325585  0.6368217054263566  0.2731104651162791  0.6408914728682171  0.27892441860465117  0.638953488372093  0.28415697674418605  0.6383720930232558  0.2905523255813953  0.6391472868217055
0  0.2905523255813953  0.560077519379845  0.292296511627907  0.5655038759689923  0.15508720930232558  0.5680232558139535  0.1561046511627907  0.562984496124031  0.16453488372093023  0.5631782945736434  0.16802325581395347  0.5558139534883721  0.17252906976744187  0.5631782945736434  0.1883720930232558  0.5641472868217055  0.1995639534883721  0.5633720930232559  0.2059593023255814  0.562015503875969  0.20784883720930233  0.548062015503876  0.20915697674418604  0.5416666666666666  0.20901162790697675  0.5337209302325582  0.20712209302325582  0.5284883720930234  0.20843023255813956  0.5187984496124032  0.21046511627906977  0.5096899224806202  0.2116279069767442  0.5205426356589148  0.2111918604651163  0.5635658914728683  0.21598837209302327  0.5631782945736434  0.21816860465116278  0.5589147286821705  0.22296511627906979  0.5625968992248063  0.22965116279069767  0.5608527131782947  0.23372093023255813  0.561046511627907  0.23575581395348838  0.5573643410852713  0.23997093023255814  0.5598837209302325  0.24796511627906978  0.5614341085271317  0.25043604651162793  0.5538759689922481  0.25043604651162793  0.5432170542635659  0.25232558139534883  0.5583333333333333  0.2582848837209302  0.562015503875969  0.2619186046511628  0.561046511627907  0.2632267441860465  0.5641472868217055  0.26715116279069767  0.5594961240310078  0.2719476744186047  0.5596899224806201  0.2809593023255814  0.5569767441860465  0.28895348837209306  0.562015503875969
0  0.2904069767441861  0.47732558139534886  0.29127906976744183  0.4844961240310078  0.1553779069767442  0.488953488372093  0.15523255813953488  0.48410852713178293  0.16395348837209303  0.48313953488372097  0.1683139534883721  0.47693798449612407  0.1699127906976744  0.4848837209302326  0.18328488372093021  0.48294573643410854  0.19127906976744186  0.48255813953488375  0.1946220930232558  0.48546511627906974  0.20188953488372094  0.48294573643410854  0.20712209302325582  0.4827519379844961  0.20813953488372092  0.475968992248062  0.21031976744186048  0.4792635658914729  0.21206395348837212  0.48604651162790696  0.2188953488372093  0.48372093023255813  0.2236918604651163  0.48313953488372097  0.2313953488372093  0.48313953488372097  0.2414244186046512  0.4848837209302326  0.24767441860465117  0.48255813953488375  0.24883720930232558  0.47945736434108527  0.2501453488372093  0.4686046511627907  0.24941860465116278  0.4608527131782946  0.25  0.45445736434108525  0.24883720930232558  0.45  0.24767441860465117  0.44457364341085276  0.24694767441860466  0.4383720930232558  0.24694767441860466  0.43468992248062016  0.24738372093023256  0.43081395348837215  0.2486918604651163  0.425968992248062  0.25043604651162793  0.42306201550387595  0.24898255813953488  0.4155038759689923  0.2510174418604651  0.41143410852713175  0.2568313953488372  0.4112403100775194  0.2626453488372093  0.41279069767441856  0.2626453488372093  0.4149224806201551  0.26395348837209304  0.42151162790697677  0.2677325581395349  0.4255813953488372  0.2681686046511628  0.43003875968992245  0.26555232558139535  0.43333333333333335  0.2614825581395349  0.43333333333333335  0.25813953488372093  0.4317829457364341  0.2575581395348837  0.4248062015503876  0.2565406976744186  0.42170542635658914  0.2540697674418605  0.4257751937984496  0.25232558139534883  0.4277131782945736  0.25  0.4275193798449613  0.25261627906976747  0.44050387596899226  0.25305232558139534  0.45096899224806203  0.25305232558139534  0.4556201550387597  0.25232558139534883  0.4720930232558139  0.25130813953488373  0.4796511627906977  0.253343023255814  0.4823643410852713  0.2550872093023256  0.4779069767441861  0.25799418604651164  0.4819767441860465  0.2601744186046512  0.4813953488372093  0.2630813953488372  0.48391472868217056  0.27223837209302326  0.48391472868217056  0.27906976744186046  0.4788759689922481  0.2815406976744186  0.4819767441860465  0.28662790697674423  0.48255813953488375
0  0.028326612903225808  0.6470430107526882  0.12923387096774194  0.6466397849462365  0.12923387096774194  0.6258064516129033  0.1248991935483871  0.640994623655914  0.11643145161290323  0.6420698924731183  0.10806451612903226  0.6424731182795699  0.09677419354838711  0.6422043010752688  0.08921370967741936  0.6411290322580645  0.08679435483870968  0.6372311827956989  0.08346774193548387  0.641263440860215  0.07973790322580644  0.6419354838709678  0.07379032258064516  0.6419354838709678  0.0688508064516129  0.6434139784946237  0.06532258064516129  0.6415322580645161  0.05766129032258065  0.6418010752688172  0.05463709677419355  0.6418010752688172  0.05141129032258065  0.6418010752688172  0.04909274193548387  0.6403225806451613  0.049193548387096775  0.6334677419354839  0.048387096774193554  0.6213709677419356  0.04899193548387097  0.6111559139784947  0.04768145161290322  0.603494623655914  0.04506048387096774  0.6051075268817204  0.046471774193548386  0.613978494623656  0.04657258064516129  0.6205645161290323  0.04586693548387097  0.6243279569892474  0.04375  0.6274193548387097  0.04485887096774194  0.6323924731182796  0.0469758064516129  0.6370967741935484  0.04707661290322581  0.638978494623656  0.04627016129032258  0.6422043010752688  0.04032258064516129  0.6440860215053763  0.03629032258064516  0.6442204301075269  0.03225806451612903  0.6427419354838709
0  0.128125  0.5225806451612903  0.128125  0.5669354838709677  0.02681451612903226  0.5686827956989248  0.027822580645161292  0.562768817204301  0.045564516129032256  0.5650537634408602  0.05413306451612903  0.5619623655913979  0.05776209677419355  0.5639784946236559  0.06552419354838711  0.5612903225806452  0.06804435483870969  0.5643817204301076  0.0780241935483871  0.5631720430107526  0.0844758064516129  0.5615591397849462  0.0846774193548387  0.540994623655914  0.08820564516129031  0.5619623655913979  0.09576612903225806  0.562231182795699  0.10574596774193548  0.5625  0.11441532258064517  0.5629032258064516  0.1215725806451613  0.560752688172043  0.1253024193548387  0.5599462365591398  0.12560483870967742  0.5236559139784946
0  0.12681451612903225  0.4739247311827957  0.12691532258064517  0.48575268817204303  0.027923387096774194  0.4891129032258064  0.027721774193548387  0.4807795698924731  0.04405241935483871  0.48024193548387095  0.048387096774193554  0.484005376344086  0.05594758064516129  0.48319892473118276  0.06663306451612903  0.4841397849462366  0.07620967741935483  0.48319892473118276  0.08326612903225807  0.48279569892473123  0.0842741935483871  0.47553763440860214  0.084375  0.4693548387096774  0.084375  0.46196236559139786  0.08477822580645161  0.4564516129032258  0.0846774193548387  0.448252688172043  0.0846774193548387  0.4397849462365591  0.08528225806451613  0.4313172043010753  0.08598790322580645  0.42311827956989245  0.0875  0.4376344086021506  0.08659274193548387  0.4810483870967742  0.09243951612903226  0.48279569892473123  0.10010080645161291  0.48279569892473123  0.10554435483870968  0.4806451612903226  0.10715725806451613  0.47876344086021505  0.109375  0.4823924731182796  0.11733870967741936  0.48387096774193544  0.12308467741935483  0.4829301075268817  0.125  0.48091397849462364
