0  0.27232142857142855  0.051587301587301584  0.27172619047619045  0.06825396825396825  0.28363095238095243  0.06587301587301587  0.28541666666666665  0.05238095238095238
0  0.3205357142857143  0.0373015873015873  0.3199404761904763  0.05317460317460317  0.3270833333333334  0.05476190476190476  0.3288690476190476  0.04047619047619048
0  0.33482142857142855  0.0380952380952381  0.33482142857142855  0.05  0.3431547619047619  0.048412698412698414  0.34494047619047613  0.04206349206349207
0  0.29375  0.053968253968253964  0.2925595238095239  0.06587301587301587  0.30089285714285713  0.06904761904761905  0.30208333333333337  0.05634920634920634
0  0.07801724137931035  0.07356321839080454  0.08232758620689655  0.08390804597701143  0.08620689655172414  0.0827586206896551  0.08577586206896552  0.07241379310344821
0  0.09698275862068967  0.04310344827586201  0.09051724137931035  0.05229885057471258  0.09568965517241379  0.05172413793103442
0  0.09698275862068967  0.07356321839080454  0.09267241379310345  0.08160919540229879  0.09913793103448276  0.08218390804597694  0.10258620689655173  0.07528735632183903
0  0.1336206896551724  0.7385057471264369  0.12629310344827588  0.7660919540229886  0.13405172413793104  0.7982758620689656
0  0.12112068965517243  0.7660919540229886  0.11767241379310346  0.8017241379310346  0.12543103448275864  0.8040229885057472
0  0.27327586206896554  0.7454022988505747  0.2681034482758621  0.8  0.2801724137931035  0.7954022988505747
0  0.28879310344827586  0.75  0.2823275862068966  0.7982758620689656  0.2935344827586207  0.7925287356321841
0  0.3038793103448276  0.7419540229885058  0.2995689655172414  0.7959770114942528  0.306896551724138  0.7925287356321841
0  0.3607758620689655  0.7459770114942529  0.36293103448275865  0.7718390804597702  0.3577586206896552  0.7839080459770115  0.36508620689655175  0.7954022988505747  0.3663793103448276  0.7770114942528736
0  0.37931034482758624  0.7471264367816093  0.3745689655172414  0.7758620689655173  0.37801724137931036  0.7908045977011494  0.38232758620689655  0.7850574712643679
0  0.39439655172413796  0.7482758620689656  0.38922413793103455  0.7643678160919541  0.3883620689655173  0.7781609195402299  0.39439655172413796  0.789080459770115  0.3969827586206897  0.7770114942528736
0  0.40729166666666666  0.7434027777777779  0.4046875  0.7847222222222223  0.409375  0.7875  0.41770833333333335  0.773263888888889  0.4119791666666667  0.7684027777777779
0  0.45232558139534884  0.7236434108527132  0.4526162790697675  0.7651162790697675  0.448546511627907  0.7794573643410853  0.4526162790697675  0.7872093023255814  0.4598837209302326  0.786046511627907
0  0.4668604651162791  0.7565891472868217  0.4625  0.7829457364341085  0.4726744186046512  0.7833333333333333
0  0.48168604651162794  0.7286821705426356  0.4793604651162791  0.7674418604651162  0.47761627906976745  0.7848837209302325  0.4854651162790698  0.7841085271317829
0  0.49796511627906975  0.7135658914728682  0.4921511627906977  0.7794573643410853  0.5008720930232559  0.7825581395348837  0.5005813953488372  0.7155038759689922
0  0.5110465116279069  0.7143410852713179  0.5093023255813953  0.7573643410852713  0.508139534883721  0.7810077519379846  0.5142441860465117  0.7810077519379846  0.5136627906976744  0.7558139534883721
0  0.5267441860465116  0.7449612403100776  0.5218023255813954  0.7635658914728681  0.5215116279069767  0.7798449612403101  0.5287790697674419  0.7806201550387597
0  0.5409883720930233  0.7437984496124032  0.5401162790697674  0.7612403100775194  0.5372093023255814  0.7678294573643412  0.5383720930232558  0.7779069767441861  0.5427325581395349  0.7798449612403101
0  0.5526162790697674  0.7027131782945736  0.5508720930232558  0.7813953488372093  0.5566860465116279  0.7806201550387597  0.5563953488372093  0.7453488372093023
0  0.5686046511627907  0.7476744186046512  0.5677325581395349  0.7596899224806202  0.5642441860465117  0.7666666666666667  0.5674418604651162  0.7782945736434109  0.5738372093023256  0.7775193798449612  0.5726744186046511  0.7686046511627908
0  0.5825581395348837  0.7414728682170543  0.5790697674418605  0.7771317829457365  0.5880813953488372  0.7782945736434109
0  0.6002906976744187  0.7430232558139536  0.5930232558139534  0.7775193798449612  0.6  0.7775193798449612
0  0.7389534883720931  0.736046511627907  0.736046511627907  0.7662790697674418  0.736046511627907  0.772093023255814  0.7418604651162791  0.7709302325581395  0.7424418604651163  0.7631782945736435
0  0.7504901960784314  0.6754901960784314  0.7485294117647059  0.777124183006536  0.7590686274509804  0.7777777777777778
0  0.7661764705882352  0.7385620915032679  0.7622549019607843  0.7813725490196078  0.795343137254902  0.7794117647058822  0.7965686274509803  0.7549019607843137  0.7948529411764707  0.7385620915032679  0.7892156862745099  0.7588235294117647  0.7821078431372549  0.7598039215686275  0.7808823529411765  0.7408496732026144  0.7764705882352941  0.7611111111111112  0.7713235294117646  0.7614379084967321
0  0.804656862745098  0.7362745098039216  0.8044117647058823  0.7598039215686275  0.8017156862745098  0.7787581699346404  0.9083333333333333  0.7810457516339869  0.9083333333333333  0.7506535947712418  0.9026960784313725  0.7509803921568627  0.9019607843137255  0.7261437908496732  0.8970588235294117  0.7539215686274509  0.8919117647058823  0.7539215686274509  0.8877450980392156  0.7313725490196078  0.8848039215686274  0.7604575163398694  0.8781862745098039  0.7705882352941176  0.8764705882352941  0.7362745098039216  0.8710784313725489  0.769281045751634  0.8654411764705882  0.7640522875816993  0.8602941176470588  0.7336601307189543  0.8573529411764707  0.7627450980392156  0.8524509803921568  0.7604575163398694  0.8480392156862745  0.7434640522875817  0.8458333333333333  0.7565359477124183  0.8384803921568628  0.7565359477124183  0.8357843137254901  0.734967320261438  0.832843137254902  0.7379084967320261  0.8316176470588236  0.7526143790849674  0.8237745098039215  0.7558823529411764  0.8210784313725491  0.7408496732026144  0.8169117647058823  0.7571895424836601  0.8105392156862745  0.7594771241830065
0  0.7274509803921568  0.6611111111111111  0.7311274509803921  0.6647058823529411  0.7360294117647058  0.6627450980392157  0.7424019607843138  0.6647058823529411  0.7502450980392157  0.6611111111111111  0.7627450980392156  0.6591503267973856  0.7843137254901961  0.6624183006535947  0.8053921568627451  0.6588235294117647  0.8117647058823529  0.6633986928104575  0.8169117647058823  0.6604575163398693  0.8279411764705882  0.6624183006535947  0.833578431372549  0.6591503267973856  0.8443627450980392  0.6624183006535947  0.8602941176470588  0.6584967320261438  0.8754901960784314  0.6607843137254902  0.892892156862745  0.6601307189542484  0.90929203539823  0.6554572271386431  0.90929203539823  0.6707964601769911  0.7272123893805309  0.6761061946902654
0  0.7256172839506172  0.5526748971193415  0.7305555555555555  0.5580246913580247  0.736111111111111  0.5526748971193415  0.744753086419753  0.5551440329218107  0.7512345679012346  0.5526748971193415  0.7518518518518519  0.44773662551440324  0.7549382716049382  0.4518518518518518  0.7558641975308642  0.5563786008230452  0.769753086419753  0.5518518518518518  0.791358024691358  0.5502057613168724  0.8055555555555556  0.553909465020576  0.8061728395061728  0.4905349794238683  0.8074074074074074  0.5580246913580247  0.8154320987654321  0.5555555555555555  0.8598765432098765  0.5547325102880658  0.8944444444444444  0.5506172839506173  0.9049382716049382  0.5510288065843622  0.9104938271604938  0.5613168724279836  0.7253086419753085  0.5641975308641974
0  0.44845679012345674  0.6753086419753086  0.6132716049382716  0.6736625514403292  0.6089506172839506  0.6654320987654321  0.5969135802469135  0.6670781893004115  0.5679012345679012  0.6674897119341564  0.4503086419753086  0.6691358024691357
0  0.2574074074074074  0.6810699588477366  0.4274691358024691  0.6802469135802469  0.4265432098765432  0.671604938271605  0.4027777777777778  0.6728395061728395  0.3787037037037037  0.6753086419753086  0.37407407407407406  0.6711934156378601  0.36635802469135803  0.6765432098765432  0.35123456790123453  0.6757201646090534  0.3419753086419753  0.6748971193415637  0.33518518518518514  0.6794238683127571  0.3160493827160494  0.6736625514403292  0.3101851851851852  0.6757201646090534  0.2882716049382716  0.6773662551440329  0.278395061728395  0.6753086419753086  0.2694444444444444  0.6757201646090534  0.25925925925925924  0.6748971193415637
0  0.259375  0.5671875  0.42578125  0.5640625  0.425390625  0.5520833333333334  0.41640625  0.5567708333333333  0.40859375  0.5609375  0.262109375  0.5630208333333333
0  0.001953125  0.6916666666666667  0.1375  0.6854166666666667  0.13203125  0.6786458333333333  0.00390625  0.6817708333333333
0  0.75078125  0.15052083333333333  0.75  0.23177083333333334  0.75625  0.19322916666666667  0.75625  0.14947916666666666
0  0.750390625  0.24114583333333334  0.751171875  0.34010416666666665  0.75625  0.3390625  0.75625  0.2421875
0  0.750390625  0.346875  0.750390625  0.4473958333333333  0.7578125  0.4427083333333333  0.75546875  0.3458333333333333
0  0.375390625  0.49270833333333336  0.373046875  0.5447916666666667  0.380078125  0.5416666666666666  0.377734375  0.5078125
0  0.07734375  0.4041666666666667  0.078515625  0.41458333333333336  0.083984375  0.4140625  0.083984375  0.403125
0  0.575  0.05677083333333333  0.568359375  0.06875  0.575  0.07083333333333333  0.57890625  0.06354166666666666
